Model,10p0,L5p0,L2p0,FLp0,10p05,L5p05,L2p05,FLp05
T0859RR013_1,0.0,0.0843593691058,0.234887465676,2.66827488059,0.0,0.0,0.0,0.0
T0859RR020_1,0.0,0.0,0.0,3.39337123405,0.0,0.0,0.0,0.0
T0859RR024_1,0.0,0.0,0.0825997346636,3.39337123405,0.0,0.0,0.0,0.0
T0859RR040_1,0.0,0.109604354105,0.295469123026,0.596117322719,0.0,0.109604354105,0.249488924186,0.249488924186
T0859RR044_1,0.0,0.0843593691058,0.152721039812,1.06011606187,0.0,0.0843593691058,0.152721039812,0.181350449859
T0859RR048_1,0.0,0.0,0.128736809174,1.29620023414,0.0,0.0,0.0,0.0
T0859RR079_1,0.0,0.0,0.0843593691058,3.39337123405,0.0,0.0,0.0843593691058,1.2501226696
T0859RR097_1,0.0,0.0,0.153981794174,3.39337123405,0.0,0.0,0.153981794174,0.703376758261
T0859RR108_1,0.0,0.303954074926,0.409603579435,2.1916151664,0.0,0.303954074926,0.409603579435,2.1916151664
T0859RR109_1,0.0,0.0,0.0843593691058,3.39337123405,0.0,0.0,0.0843593691058,1.2501226696
T0859RR112_1,0.0,0.0,0.0843593691058,3.39337123405,0.0,0.0,0.0843593691058,1.2501226696
T0859RR132_1,0.0843593691058,0.163368569003,0.271213288667,3.39337123405,0.0843593691058,0.163368569003,0.271213288667,3.39337123405
T0859RR157_1,0.0843593691058,0.0843593691058,0.0843593691058,0.0843593691058,0.0,0.0,0.0,0.0
T0859RR195_1,0.0843593691059,0.0843593691059,0.16695910377,3.39337123405,0.0,0.0,0.0,0.0
T0859RR206_1,0.0825997346636,0.192204088769,0.298757233403,3.39337123405,0.0,0.0,0.0,0.0
T0859RR219_1,0.0,0.0,0.0843593691058,3.39337123405,0.0,0.0,0.0843593691058,1.2501226696
T0859RR223_1,0.0,0.0,0.0843593691058,3.39337123405,0.0,0.0,0.0843593691058,1.2501226696
T0859RR236_1,0.0,0.0843593691058,0.219208708211,3.39337123405,0.0,0.0,0.0,0.0
T0859RR281_1,0.0,0.0,0.0,2.97345607988,0.0,0.0,0.0,0.0
T0859RR287_1,0.0,0.0843593691058,0.1566406265,0.583147384968,0.0,0.0843593691058,0.1566406265,0.18799814143
T0859RR310_1,0.134849339105,0.175773081569,0.195444861933,3.39337123405,0.134849339105,0.15052809657,0.15052809657,0.15052809657
T0859RR320_1,0.0,0.0825997346637,0.123230204721,1.56992497695,0.0,0.0,0.0,0.0
T0859RR342_1,0.0,0.0,0.0843593691058,1.12929246149,0.0,0.0,0.0,0.0
T0859RR345_1,0.0,0.0,0.0843593691058,1.79321800318,0.0,0.0,0.0843593691058,1.24023249775
T0859RR348_1,0.0,0.0843593691058,0.109604354105,3.39337123405,0.0,0.0,0.0,0.0
T0859RR373_1,0.0843593691058,0.0843593691058,0.179226779173,3.39337123405,0.0,0.0,0.0,0.0
T0859RR378_1,0.0,0.0843593691058,0.0843593691058,0.0843593691058,0.0,0.0,0.0,0.0
T0859RR389_1,0.084359369106,0.107844719663,0.398799523628,3.39337123405,0.0,0.0,0.0,0.0
T0859RR407_1,0.0,0.0,0.166959103769,0.997181276379,0.0,0.0,0.0843593691058,0.0843593691058
T0859RR431_1,0.0843593691058,0.0843593691058,0.160094324104,3.39337123405,0.0843593691058,0.0843593691058,0.160094324104,0.467569508634
T0859RR432_1,0.0,0.0,0.153981794174,3.39337123405,0.0,0.0,0.153981794174,0.703376758261
T0859RR451_1,0.0,0.0,0.128736809174,1.29620023414,0.0,0.0,0.0,0.0
T0859RR458_1,0.0825997346636,0.192204088769,0.279085453039,3.39337123405,0.0825997346636,0.192204088769,0.279085453039,1.17991348091
T0859RR480_1,0.0,0.0,0.084359369106,2.40081979434,0.0,0.0,0.084359369106,2.40081979434
