Model,10p0,L5p0,L2p0,FLp0,10p05,L5p05,L2p05,FLp05
T0859RR013_1,0.0,0.0843593691058,0.1566406265,1.27251629731,0.0,0.0,0.0,0.0
T0859RR020_1,0.0,0.0,0.0,1.46459719581,0.0,0.0,0.0,0.0
T0859RR024_1,0.0,0.0,0.0,1.46459719581,0.0,0.0,0.0,0.0
T0859RR040_1,0.0,0.109604354105,0.295469123026,0.379279662736,0.0,0.109604354105,0.249488924186,0.249488924186
T0859RR044_1,0.0,0.0,0.0,0.417019130063,0.0,0.0,0.0,0.0
T0859RR048_1,0.0,0.0,0.128736809174,1.21360049947,0.0,0.0,0.0,0.0
T0859RR079_1,0.0,0.0,0.0,1.46459719581,0.0,0.0,0.0,0.227341702157
T0859RR097_1,0.0,0.0,0.153981794174,1.46459719581,0.0,0.0,0.153981794174,0.537834859224
T0859RR108_1,0.109604354105,0.12528311157,0.350251087339,0.886330418432,0.109604354105,0.12528311157,0.350251087339,0.886330418432
T0859RR109_1,0.0,0.0,0.0,1.46459719581,0.0,0.0,0.0,0.227341702157
T0859RR112_1,0.0,0.0,0.0,1.46459719581,0.0,0.0,0.0,0.227341702157
T0859RR132_1,0.0,0.0,0.0,1.46459719581,0.0,0.0,0.0,1.46459719581
T0859RR157_1,0.0843593691058,0.0843593691058,0.0843593691058,0.0843593691058,0.0,0.0,0.0,0.0
T0859RR195_1,0.0843593691059,0.0843593691059,0.0843593691059,1.46459719581,0.0,0.0,0.0,0.0
T0859RR206_1,0.0,0.147074398965,0.247259473685,1.46459719581,0.0,0.0,0.0,0.0
T0859RR219_1,0.0,0.0,0.0,1.46459719581,0.0,0.0,0.0,0.227341702157
T0859RR223_1,0.0,0.0,0.0,1.46459719581,0.0,0.0,0.0,0.227341702157
T0859RR236_1,0.0,0.0843593691058,0.1566406265,1.46459719581,0.0,0.0,0.0,0.0
T0859RR281_1,0.0,0.0,0.0,1.0041069607,0.0,0.0,0.0,0.0
T0859RR287_1,0.0,0.0843593691058,0.1566406265,0.583147384968,0.0,0.0843593691058,0.1566406265,0.18799814143
T0859RR310_1,0.134849339105,0.175773081569,0.195444861933,1.46459719581,0.134849339105,0.15052809657,0.15052809657,0.15052809657
T0859RR320_1,0.0,0.0,0.0,0.654023403765,0.0,0.0,0.0,0.0
T0859RR342_1,0.0,0.0,0.0843593691058,1.12929246149,0.0,0.0,0.0,0.0
T0859RR345_1,0.0,0.0,0.185339309104,0.839571525544,0.0,0.0,0.185339309104,0.583147384968
T0859RR348_1,0.0,0.0843593691058,0.134849339105,1.46459719581,0.0,0.0,0.0,0.0
T0859RR373_1,0.0843593691058,0.0843593691058,0.179226779173,1.46459719581,0.0,0.0,0.0,0.0
T0859RR378_1,0.0,0.0843593691058,0.0843593691058,0.0843593691058,0.0,0.0,0.0,0.0
T0859RR389_1,0.131399805155,0.194658323963,0.519724865307,1.46459719581,0.0,0.0,0.0,0.0
T0859RR407_1,0.0,0.0,0.0,0.455646323401,0.0,0.0,0.0,0.0
T0859RR431_1,0.0843593691058,0.0843593691058,0.160094324104,1.46459719581,0.0843593691058,0.0843593691058,0.160094324104,0.383210139528
T0859RR432_1,0.0,0.0,0.153981794174,1.46459719581,0.0,0.0,0.153981794174,0.537834859224
T0859RR451_1,0.0,0.0,0.128736809174,1.21360049947,0.0,0.0,0.0,0.0
T0859RR458_1,0.109604354105,0.147074398965,0.253372003616,1.46459719581,0.109604354105,0.147074398965,0.147074398965,0.147074398965
T0859RR480_1,0.0,0.0,0.168718738212,1.01950688629,0.0,0.0,0.168718738212,1.01950688629
