Model,10p0,L5p0,L2p0,FLp0,10p05,L5p05,L2p05,FLp05
T0861RR013_1,0.258904700393,0.770641396045,1.9044289165,7.28745759707,0.258904700393,0.770641396045,1.9044289165,4.22720106479
T0861RR020_1,0.207541438089,0.646641933144,1.72220845828,7.77005219102,0.207541438089,0.646641933144,1.72220845828,3.50040032531
T0861RR024_1,0.283179331423,1.3162420674,2.51233769922,7.70934758633,0.283179331423,1.3162420674,1.71380954706,1.71380954706
T0861RR030_1,0.157387341461,1.37657184641,2.82926149422,4.08724684255,0.157387341461,1.37657184641,2.82926149422,4.08724684255
T0861RR044_1,0.158901768215,0.70149203809,1.54898337307,6.02758837301,0.158901768215,0.70149203809,1.54898337307,2.63807789988
T0861RR048_1,0.179425066401,0.706787891607,1.82334704389,7.29756276302,0.179425066401,0.706787891607,1.82334704389,4.58673129014
T0861RR097_1,0.163488162869,0.610682766412,1.67616239188,7.82874491107,0.163488162869,0.610682766412,1.67616239188,2.71873530367
T0861RR108_1,0.088812432575,0.219594392764,0.41873840443,6.29263537161,0.088812432575,0.219594392764,0.41873840443,6.29263537161
T0861RR109_1,0.266705130508,1.3359254325,2.80170930542,7.83486511684,0.266705130508,1.3359254325,2.80170930542,7.09281172005
T0861RR112_1,0.238733623848,1.23534326699,2.29429417097,7.82714153601,0.238733623848,1.23534326699,2.29429417097,7.59951424638
T0861RR132_1,0.0,0.149125502589,0.235248813437,6.55708630977,0.0,0.149125502589,0.235248813437,6.55708630977
T0861RR157_1,0.146175255006,1.44239330944,2.97426463278,4.10383219806,0.146175255006,1.44239330944,2.97426463278,4.10383219806
T0861RR195_1,0.165271106308,0.994008163754,2.02615426774,6.99082570136,0.0,0.0,0.0,0.0
T0861RR206_1,0.0563594903664,0.15165674797,0.168956379944,7.1074148356,0.0,0.0,0.0,0.0
T0861RR219_1,0.238733623848,1.23534326699,2.29429417097,7.82714153601,0.238733623848,1.23534326699,2.29429417097,7.59951424638
T0861RR223_1,0.238733623848,1.23534326699,2.29429417097,7.82714153601,0.238733623848,1.23534326699,2.29429417097,7.59951424638
T0861RR236_1,0.171739916144,0.750548211904,1.64387193151,7.74434035942,0.171739916144,0.750548211904,1.64387193151,3.0690608144
T0861RR281_1,0.0872749030482,0.296846404745,0.530250744341,3.08736310067,0.0872749030482,0.148757198016,0.148757198016,0.148757198016
T0861RR287_1,0.171739916144,0.750548211904,1.64387193151,7.74434035942,0.171739916144,0.750548211904,1.64387193151,3.0690608144
T0861RR310_1,0.265603972616,1.04448306982,2.02270037006,7.82874491107,0.265603972616,1.04448306982,2.02270037006,5.9363659756
T0861RR345_1,0.094595786109,0.275775999179,0.683989879459,4.02128373256,0.094595786109,0.275775999179,0.683989879459,3.40301133663
T0861RR348_1,0.176694924549,0.69399941531,1.58196122222,7.61041142261,0.176694924549,0.69399941531,1.58196122222,3.26025082641
T0861RR357_1,0.125637884482,0.812907937549,2.52827391223,7.15014536954,0.125637884482,0.812907937549,2.52827391223,5.84164942675
T0861RR373_1,0.135222939984,0.795388982159,1.51103589334,7.82391716743,0.135222939984,0.795388982159,1.51103589334,3.79924688631
T0861RR407_1,0.288170291342,1.50327173686,2.74050168252,7.81304657972,0.288170291342,1.50327173686,2.74050168252,6.00127341897
T0861RR432_1,0.163488162869,0.610682766412,1.67616239188,7.82874491107,0.163488162869,0.610682766412,1.67616239188,2.71873530367
T0861RR451_1,0.128321706822,0.770155031983,1.81302308834,7.711315951,0.128321706822,0.770155031983,1.81302308834,4.63886254666
T0861RR458_1,0.0319500416311,0.103479552417,0.152756590786,7.00666740918,0.0319500416311,0.103479552417,0.152756590786,1.32095306488
