Model,10p0,L5p0,L2p0,FLp0,10p05,L5p05,L2p05,FLp05
T0861RR013_1,0.202417615956,0.759731765232,1.86829075566,5.91934779665,0.202417615956,0.759731765232,1.86829075566,3.08703318786
T0861RR020_1,0.148054126241,0.689336759726,1.64221467624,6.48927970608,0.148054126241,0.689336759726,1.64221467624,2.37645385673
T0861RR024_1,0.277756205841,1.11250122601,2.11203101782,6.44257929267,0.277756205841,1.11250122601,1.13142500689,1.13142500689
T0861RR030_1,0.168626568717,1.34704265406,2.52066763887,3.21010151653,0.168626568717,1.34704265406,2.52066763887,3.21010151653
T0861RR044_1,0.178008605158,0.705378696416,1.49893181606,4.80968282783,0.178008605158,0.705378696416,1.49893181606,1.76505621927
T0861RR048_1,0.179425066401,0.716250453595,1.6387212234,6.11160733457,0.179425066401,0.716250453595,1.6387212234,3.65513076826
T0861RR097_1,0.174523819271,0.579322817572,1.77831555856,6.53667865878,0.174523819271,0.579322817572,1.77831555856,1.77831555856
T0861RR108_1,0.0587303005341,0.235560482436,0.303532554043,5.06551608751,0.0587303005341,0.235560482436,0.303532554043,5.06551608751
T0861RR109_1,0.259042808798,1.28280398854,2.49026174828,6.54270706264,0.259042808798,1.28280398854,2.49026174828,5.88497072294
T0861RR112_1,0.246574901328,1.03296693767,1.90960281776,6.53432131615,0.246574901328,1.03296693767,1.90960281776,6.27262151569
T0861RR132_1,0.0293651502669,0.143266731322,0.23740187784,5.18230080701,0.0293651502669,0.143266731322,0.23740187784,5.18230080701
T0861RR157_1,0.158064978591,1.35373525197,2.54637307178,3.19459189545,0.158064978591,1.35373525197,2.54637307178,3.19459189545
T0861RR195_1,0.176950694108,0.856202471711,1.59388268183,5.76223738617,0.0,0.0,0.0,0.0
T0861RR206_1,0.0,0.112299503434,0.344346172214,5.78599147193,0.0,0.0,0.0,0.0
T0861RR219_1,0.246574901328,1.03296693767,1.90960281776,6.53432131615,0.246574901328,1.03296693767,1.90960281776,6.27262151569
T0861RR223_1,0.246574901328,1.03296693767,1.90960281776,6.53432131615,0.246574901328,1.03296693767,1.90960281776,6.27262151569
T0861RR236_1,0.175559187127,0.687148864676,1.63083306911,6.43535606616,0.175559187127,0.687148864676,1.63083306911,2.25153101598
T0861RR281_1,0.0872749030481,0.160785351261,0.24236348208,1.77674241221,0.0762935784564,0.0762935784564,0.0762935784564,0.0762935784564
T0861RR287_1,0.175559187127,0.687148864676,1.63083306911,6.43535606616,0.175559187127,0.687148864676,1.63083306911,2.25153101598
T0861RR310_1,0.225665528668,1.02251772482,1.73680423687,6.53667865878,0.225665528668,1.02251772482,1.73680423687,4.80394756122
T0861RR345_1,0.0872749030479,0.150745286816,0.406192005824,2.84109034,0.0872749030479,0.150745286816,0.406192005824,2.22979995451
T0861RR348_1,0.158155483767,0.656301043061,1.58222184402,6.33270934772,0.158155483767,0.656301043061,1.58222184402,2.32800603948
T0861RR357_1,0.105953094903,1.11213783031,2.38079977851,5.93212317747,0.105953094903,1.11213783031,2.38079977851,4.83637261907
T0861RR373_1,0.135222939984,0.795388982159,1.50943381069,6.54266898185,0.135222939984,0.795388982159,1.50943381069,3.65384674819
T0861RR407_1,0.294478409967,1.32814021928,2.42986501275,6.52046333635,0.294478409967,1.32814021928,2.42986501275,4.85858050807
T0861RR432_1,0.174523819271,0.579322817572,1.77831555856,6.53667865878,0.174523819271,0.579322817572,1.77831555856,1.77831555856
T0861RR451_1,0.179425066401,0.716250453595,1.6387212234,6.4265731604,0.179425066401,0.716250453595,1.6387212234,3.65513076826
T0861RR458_1,0.0,0.0771923428701,0.32150185679,5.65893632425,0.0,0.0771923428701,0.32150185679,0.514359214256
